22222222220002020002222222222221
21111111120002020002111122111121
21222122120002020002122122122121
21222122120002020002122111122121
21222122120002020002122222122121
21222122122222022222122222122121
21111111111111111131111111122121
21222122222222122222122122222121
21222122222222122222122122222121
21222111122111111111122111122121
21222122122122222122122122122121
21222122122120002122122122122121
21111122111120002122111122111121
22222122222120002122222122222121
22222122222120002122222122222121
21111122111120002122111122111121
21222122122120002122122122122121
21222122122122222122122122122121
21222111122111111111122111122121
21222122222222122222122122222121
21222122222222122222122122222121
21111111111111111111111111122121
21222122122222022222122222122121
21222122120002020002122222122121
21222122120002020002122111122121
21222122120002020002122122122121
21111111120002020002111122111121
22222222220002020002222222222221